[array([[ 57, 183, 208],
       [ 57, 183, 208],
       [ 57, 183, 208],
       ...,
       [ 10, 179, 193],
       [  8, 180, 194],
       [  6, 180, 193]], dtype=uint8), array([[25, 34, 57],
       [24, 35, 58],
       [27, 39, 62],
       [32, 40, 64],
       [23, 33, 57],
       [22, 33, 55],
       [17, 34, 55],
       [19, 37, 59],
       [27, 40, 65],
       [22, 38, 65],
       [30, 37, 57],
       [26, 35, 55],
       [27, 37, 60],
       [24, 33, 57],
       [23, 35, 57],
       [21, 35, 56],
       [21, 35, 55],
       [27, 37, 60],
       [21, 31, 58],
       [11, 33, 63],
       [25, 34, 58],
       [24, 36, 57],
       [29, 37, 58],
       [23, 29, 50],
       [18, 24, 46],
       [24, 34, 59],
       [18, 32, 62],
       [14, 34, 68],
       [27, 33, 52],
       [30, 35, 54],
       [27, 31, 51],
       [24, 28, 50],
       [13, 34, 60],
       [31, 35, 56],
       [31, 33, 55],
       [23, 27, 51],
       [ 7, 36, 60],
       [35, 39, 63],
       [27, 31, 55],
       [ 9, 27, 50],
       [31, 37, 59],
       [11, 35, 61],
       [30, 40, 62],
       [24, 33, 53],
       [23, 36, 58],
       [29, 43, 65],
       [26, 38, 59],
       [ 2, 36, 63],
       [18, 33, 53],
       [18, 35, 56],
       [21, 36, 58],
       [19, 32, 54],
       [ 1, 25, 51],
       [29, 39, 64],
       [24, 34, 53],
       [10, 29, 51],
       [15, 32, 55],
       [11, 24, 51],
       [ 4, 24, 50],
       [ 1, 39, 71],
       [24, 34, 59],
       [22, 32, 55],
       [14, 32, 54],
       [10, 29, 53],
       [ 5, 25, 50],
       [10, 28, 53],
       [ 3, 34, 59],
       [21, 30, 56],
       [24, 34, 58],
       [10, 31, 54],
       [ 8, 30, 56],
       [ 3, 24, 50],
       [ 8, 27, 51],
       [ 2, 30, 54],
       [25, 36, 62],
       [18, 30, 53],
       [11, 33, 59],
       [ 4, 27, 53],
       [ 6, 29, 53],
       [ 2, 30, 53],
       [22, 36, 58],
       [17, 30, 51],
       [11, 33, 58],
       [ 9, 32, 58],
       [ 8, 34, 57],
       [ 4, 32, 56],
       [21, 35, 56],
       [ 8, 28, 54],
       [ 9, 35, 61],
       [ 3, 33, 57],
       [20, 35, 54],
       [10, 28, 52],
       [10, 30, 56],
       [10, 38, 63],
       [ 9, 38, 62],
       [ 5, 36, 64],
       [20, 35, 55],
       [13, 30, 52],
       [13, 31, 54],
       [10, 30, 56],
       [ 9, 39, 63],
       [11, 39, 68],
       [18, 35, 57],
       [15, 32, 56],
       [ 7, 29, 54],
       [ 7, 39, 62],
       [19, 36, 60],
       [15, 36, 58],
       [ 8, 34, 56],
       [ 7, 37, 60],
       [ 6, 39, 63],
       [15, 38, 60],
       [ 8, 35, 56],
       [ 7, 36, 59],
       [18, 40, 62],
       [11, 38, 59],
       [ 9, 38, 61]], dtype=uint8), array([[23, 39, 62],
       [20, 36, 59],
       [15, 33, 56],
       [23, 40, 61],
       [21, 38, 59],
       [21, 35, 57],
       [16, 33, 55],
       [17, 34, 55],
       [20, 37, 58],
       [21, 38, 59],
       [25, 39, 61],
       [24, 38, 60],
       [15, 35, 58],
       [18, 36, 57],
       [23, 40, 59],
       [19, 35, 57],
       [27, 41, 63],
       [30, 43, 65],
       [25, 37, 61],
       [29, 39, 63],
       [ 8, 28, 50],
       [23, 41, 60],
       [18, 35, 55],
       [17, 34, 55],
       [25, 39, 61],
       [23, 35, 58],
       [20, 31, 55],
       [ 9, 29, 50],
       [23, 39, 59],
       [19, 34, 54],
       [22, 36, 58],
       [28, 42, 64],
       [21, 34, 56],
       [25, 37, 61],
       [15, 35, 60],
       [19, 36, 58],
       [18, 33, 52],
       [16, 30, 49],
       [21, 34, 56],
       [27, 40, 62],
       [18, 31, 53],
       [15, 35, 58],
       [16, 33, 54],
       [17, 31, 50],
       [19, 32, 52],
       [21, 34, 56],
       [26, 39, 61],
       [23, 36, 58],
       [13, 33, 55],
       [25, 42, 62],
       [21, 33, 52],
       [21, 32, 53],
       [25, 36, 58],
       [15, 37, 58],
       [25, 41, 61],
       [23, 34, 52],
       [31, 40, 61],
       [18, 38, 59],
       [24, 38, 57],
       [16, 37, 57],
       [24, 39, 57],
       [20, 39, 59]], dtype=uint8), array([[11, 35, 52],
       [11, 34, 58],
       [ 6, 27, 52],
       [12, 32, 50],
       [14, 38, 58],
       [ 8, 29, 57],
       [19, 33, 63],
       [14, 34, 58],
       [13, 40, 60],
       [ 8, 33, 55],
       [18, 40, 63],
       [23, 39, 63],
       [24, 38, 62],
       [20, 35, 58],
       [ 2, 21, 54],
       [13, 35, 60],
       [16, 37, 59],
       [15, 31, 54],
       [18, 31, 55],
       [12, 34, 66],
       [16, 36, 59],
       [12, 28, 51],
       [ 6, 35, 67],
       [14, 32, 55],
       [17, 37, 59],
       [18, 34, 57],
       [20, 39, 62],
       [14, 31, 54],
       [12, 28, 51],
       [11, 29, 52],
       [19, 29, 57],
       [17, 28, 53],
       [29, 39, 67],
       [19, 40, 61],
       [22, 36, 60],
       [21, 40, 63]], dtype=uint8), array([[42, 40, 53],
       [41, 40, 58],
       [35, 40, 59],
       [23, 33, 53],
       [24, 36, 56],
       [22, 33, 51],
       [24, 33, 51],
       [23, 39, 58],
       [24, 38, 57],
       [21, 33, 52],
       [26, 37, 59],
       [19, 33, 51],
       [18, 32, 52],
       [19, 33, 55],
       [26, 38, 61],
       [30, 37, 63],
       [22, 29, 55],
       [21, 30, 53],
       [22, 34, 53],
       [26, 38, 61],
       [23, 32, 50],
       [27, 33, 56],
       [26, 35, 52],
       [33, 40, 62],
       [24, 31, 51],
       [26, 33, 52],
       [32, 38, 61],
       [26, 33, 55],
       [23, 30, 50],
       [23, 30, 50],
       [24, 31, 51],
       [31, 38, 57],
       [32, 38, 61],
       [26, 32, 55],
       [24, 30, 52],
       [26, 33, 53]], dtype=uint8), array([[45, 39, 50],
       [44, 39, 51],
       [43, 38, 51],
       [42, 40, 56],
       [42, 37, 52],
       [41, 39, 54],
       [30, 35, 51],
       [27, 40, 64],
       [18, 37, 66],
       [45, 39, 55],
       [32, 39, 53],
       [33, 35, 53],
       [31, 36, 56],
       [30, 44, 65],
       [25, 41, 68],
       [21, 38, 72],
       [26, 36, 58],
       [20, 32, 55],
       [24, 37, 62],
       [11, 31, 58],
       [20, 29, 56],
       [11, 27, 58],
       [28, 35, 64],
       [ 9, 35, 63]], dtype=uint8), array([[25, 32, 50],
       [22, 35, 54],
       [22, 33, 53],
       [22, 31, 51],
       [19, 29, 50],
       [20, 33, 51],
       [20, 32, 50],
       [20, 34, 52],
       [14, 27, 46],
       [14, 25, 45],
       [25, 36, 56],
       [19, 32, 51],
       [20, 31, 51],
       [21, 35, 54],
       [23, 40, 57],
       [24, 38, 58],
       [22, 33, 52]], dtype=uint8), array([[28, 34, 54],
       [25, 29, 50],
       [33, 36, 57],
       [32, 40, 61],
       [34, 37, 61],
       [33, 36, 59],
       [26, 40, 59]], dtype=uint8), array([[31, 37, 60],
       [33, 39, 62],
       [33, 39, 62],
       [22, 31, 58],
       [24, 33, 60],
       [25, 34, 59],
       [31, 37, 60]], dtype=uint8), array([[ 6, 26, 53],
       [ 5, 29, 58],
       [ 3, 40, 75],
       [ 4, 40, 74],
       [ 6, 24, 51],
       [ 9, 27, 55],
       [ 1, 40, 65]], dtype=uint8), array([[15, 26, 53],
       [ 5, 33, 61],
       [16, 30, 51],
       [15, 38, 63],
       [28, 40, 61],
       [42, 40, 53],
       [31, 40, 59],
       [46, 40, 50]], dtype=uint8), array([[20, 40, 63]], dtype=uint8), array([[28, 39, 67],
       [27, 39, 67],
       [24, 38, 65],
       [20, 39, 64],
       [19, 39, 61]], dtype=uint8), array([[24, 33, 60],
       [22, 32, 56]], dtype=uint8), array([[16, 29, 51]], dtype=uint8), array([[40, 36, 50],
       [36, 40, 57],
       [35, 40, 55],
       [36, 38, 53]], dtype=uint8), array([[23, 30, 51]], dtype=uint8), array([[ 71,  79, 108],
       [ 80,  89, 117]], dtype=uint8), array([[ 6, 39, 76],
       [ 6, 26, 57]], dtype=uint8), array([[29, 33, 51]], dtype=uint8), array([[27, 40, 62]], dtype=uint8), array([[25, 36, 54]], dtype=uint8), array([[25, 34, 54]], dtype=uint8), array([[30, 33, 51]], dtype=uint8), array([[25, 33, 50],
       [29, 36, 55]], dtype=uint8), array([[10, 40, 73]], dtype=uint8), array([[39, 39, 57]], dtype=uint8), array([[32, 32, 50]], dtype=uint8), array([[26, 34, 54]], dtype=uint8), array([[ 5, 33, 68],
       [ 3, 23, 57],
       [ 7, 26, 51]], dtype=uint8), array([[26, 31, 50],
       [28, 32, 50],
       [32, 35, 53],
       [36, 37, 53],
       [36, 37, 53]], dtype=uint8), array([[23, 33, 55],
       [22, 30, 52],
       [24, 31, 51],
       [27, 37, 56]], dtype=uint8), array([[ 1, 25, 58]], dtype=uint8), array([[16, 26, 50]], dtype=uint8), array([[ 2, 25, 52]], dtype=uint8), array([[ 1, 22, 54]], dtype=uint8), array([[ 5, 28, 53],
       [ 1, 22, 50],
       [ 1, 29, 58]], dtype=uint8), array([[ 3, 40, 74],
       [ 2, 39, 68],
       [ 2, 21, 50],
       [ 9, 24, 52],
       [11, 23, 51]], dtype=uint8), array([[ 1, 30, 57]], dtype=uint8), array([[ 6, 30, 65],
       [ 4, 15, 51],
       [24, 30, 54],
       [24, 32, 50]], dtype=uint8)]