[array([[[0, 0]],

       [[0, 1]],

       [[0, 2]],

       ...,

       [[3, 0]],

       [[2, 0]],

       [[1, 0]]], dtype=int32), array([[[140,   0]],

       [[140,   1]],

       [[140,   2]],

       ...,

       [[142,   2]],

       [[141,   1]],

       [[141,   0]]], dtype=int32), array([[[190,   0]],

       [[190,   1]],

       [[190,   2]],

       ...,

       [[190,   3]],

       [[190,   2]],

       [[190,   1]]], dtype=int32), array([[[285, 152]],

       [[284, 153]],

       [[283, 154]],

       [[282, 154]],

       [[281, 155]],

       [[280, 155]],

       [[279, 155]],

       [[278, 156]],

       [[278, 157]],

       [[277, 158]],

       [[277, 159]],

       [[277, 160]],

       [[278, 161]],

       [[278, 162]],

       [[279, 163]],

       [[279, 164]],

       [[279, 165]],

       [[279, 166]],

       [[278, 167]],

       [[277, 168]],

       [[277, 169]],

       [[276, 170]],

       [[276, 171]],

       [[276, 172]],

       [[275, 173]],

       [[276, 174]],

       [[276, 175]],

       [[276, 176]],

       [[276, 177]],

       [[275, 178]],

       [[275, 179]],

       [[275, 180]],

       [[275, 181]],

       [[275, 182]],

       [[275, 183]],

       [[275, 184]],

       [[274, 185]],

       [[274, 186]],

       [[274, 187]],

       [[275, 187]],

       [[275, 186]],

       [[275, 185]],

       [[275, 184]],

       [[276, 183]],

       [[277, 182]],

       [[277, 181]],

       [[277, 180]],

       [[277, 179]],

       [[277, 178]],

       [[278, 177]],

       [[278, 176]],

       [[279, 175]],

       [[279, 174]],

       [[278, 173]],

       [[278, 172]],

       [[279, 171]],

       [[279, 170]],

       [[280, 169]],

       [[280, 168]],

       [[280, 167]],

       [[281, 166]],

       [[281, 165]],

       [[282, 164]],

       [[282, 163]],

       [[281, 162]],

       [[282, 161]],

       [[283, 161]],

       [[284, 162]],

       [[284, 163]],

       [[284, 164]],

       [[284, 165]],

       [[283, 166]],

       [[283, 167]],

       [[283, 168]],

       [[283, 169]],

       [[283, 170]],

       [[283, 171]],

       [[282, 172]],

       [[282, 173]],

       [[282, 174]],

       [[282, 175]],

       [[282, 176]],

       [[281, 177]],

       [[281, 178]],

       [[280, 179]],

       [[280, 180]],

       [[280, 181]],

       [[280, 182]],

       [[280, 183]],

       [[280, 184]],

       [[280, 185]],

       [[280, 186]],

       [[280, 187]],

       [[280, 188]],

       [[280, 189]],

       [[280, 190]],

       [[280, 191]],

       [[280, 192]],

       [[281, 193]],

       [[281, 194]],

       [[281, 195]],

       [[281, 196]],

       [[281, 197]],

       [[281, 198]],

       [[280, 199]],

       [[280, 200]],

       [[280, 201]],

       [[281, 201]],

       [[282, 200]],

       [[283, 201]],

       [[284, 202]],

       [[284, 203]],

       [[285, 204]],

       [[285, 205]],

       [[285, 204]],

       [[285, 203]],

       [[285, 202]],

       [[285, 201]],

       [[284, 200]],

       [[284, 199]],

       [[284, 198]],

       [[284, 197]],

       [[284, 196]],

       [[283, 195]],

       [[283, 194]],

       [[283, 193]],

       [[283, 192]],

       [[283, 191]],

       [[283, 190]],

       [[283, 189]],

       [[283, 188]],

       [[283, 187]],

       [[283, 186]],

       [[283, 185]],

       [[282, 184]],

       [[283, 183]],

       [[283, 182]],

       [[282, 181]],

       [[283, 180]],

       [[283, 179]],

       [[284, 178]],

       [[285, 179]],

       [[285, 180]],

       [[285, 181]],

       [[286, 182]],

       [[286, 183]],

       [[286, 184]],

       [[286, 185]],

       [[285, 186]],

       [[285, 187]],

       [[286, 188]],

       [[287, 189]],

       [[287, 190]],

       [[287, 191]],

       [[287, 192]],

       [[287, 193]],

       [[288, 194]],

       [[288, 195]],

       [[289, 196]],

       [[289, 197]],

       [[289, 198]],

       [[289, 199]],

       [[289, 200]],

       [[289, 201]],

       [[289, 202]],

       [[289, 203]],

       [[290, 204]],

       [[290, 205]],

       [[290, 206]],

       [[291, 207]],

       [[291, 208]],

       [[292, 209]],

       [[293, 210]],

       [[293, 211]],

       [[294, 212]],

       [[294, 213]],

       [[295, 214]],

       [[294, 215]],

       [[294, 216]],

       [[295, 217]],

       [[295, 218]],

       [[296, 219]],

       [[297, 220]],

       [[298, 220]],

       [[299, 221]],

       [[298, 222]],

       [[297, 223]],

       [[296, 222]],

       [[295, 221]],

       [[296, 222]],

       [[297, 223]],

       [[297, 224]],

       [[298, 225]],

       [[298, 226]],

       [[299, 227]],

       [[299, 228]],

       [[300, 229]],

       [[301, 229]],

       [[302, 230]],

       [[302, 231]],

       [[303, 232]],

       [[304, 232]],

       [[305, 233]],

       [[304, 234]],

       [[305, 233]],

       [[306, 234]],

       [[306, 235]],

       [[307, 236]],

       [[307, 235]],

       [[306, 234]],

       [[305, 233]],

       [[305, 232]],

       [[304, 231]],

       [[303, 230]],

       [[303, 229]],

       [[302, 228]],

       [[302, 227]],

       [[302, 226]],

       [[303, 225]],

       [[304, 226]],

       [[305, 227]],

       [[306, 228]],

       [[307, 227]],

       [[308, 228]],

       [[308, 229]],

       [[308, 230]],

       [[308, 231]],

       [[308, 230]],

       [[308, 229]],

       [[309, 228]],

       [[309, 227]],

       [[309, 226]],

       [[309, 225]],

       [[309, 224]],

       [[310, 223]],

       [[311, 222]],

       [[312, 223]],

       [[312, 224]],

       [[311, 225]],

       [[312, 225]],

       [[312, 224]],

       [[312, 223]],

       [[312, 222]],

       [[311, 221]],

       [[310, 220]],

       [[310, 219]],

       [[310, 218]],

       [[310, 217]],

       [[309, 216]],

       [[309, 215]],

       [[309, 214]],

       [[308, 213]],

       [[308, 212]],

       [[308, 211]],

       [[307, 210]],

       [[306, 209]],

       [[306, 208]],

       [[305, 207]],

       [[304, 206]],

       [[305, 205]],

       [[306, 204]],

       [[305, 205]],

       [[304, 204]],

       [[304, 203]],

       [[305, 202]],

       [[305, 201]],

       [[306, 200]],

       [[305, 201]],

       [[304, 202]],

       [[303, 201]],

       [[303, 200]],

       [[304, 199]],

       [[305, 198]],

       [[304, 199]],

       [[303, 200]],

       [[302, 199]],

       [[302, 198]],

       [[301, 197]],

       [[301, 196]],

       [[301, 195]],

       [[301, 194]],

       [[302, 193]],

       [[302, 192]],

       [[302, 193]],

       [[301, 194]],

       [[300, 193]],

       [[300, 192]],

       [[300, 191]],

       [[301, 190]],

       [[300, 189]],

       [[300, 188]],

       [[299, 187]],

       [[298, 186]],

       [[298, 185]],

       [[298, 184]],

       [[298, 183]],

       [[297, 182]],

       [[296, 181]],

       [[297, 180]],

       [[296, 179]],

       [[296, 178]],

       [[295, 177]],

       [[294, 176]],

       [[295, 175]],

       [[295, 174]],

       [[295, 173]],

       [[295, 174]],

       [[294, 175]],

       [[293, 174]],

       [[293, 173]],

       [[293, 172]],

       [[293, 171]],

       [[293, 170]],

       [[293, 169]],

       [[293, 168]],

       [[293, 167]],

       [[293, 166]],

       [[292, 165]],

       [[292, 164]],

       [[291, 163]],

       [[292, 162]],

       [[292, 161]],

       [[291, 160]],

       [[291, 159]],

       [[291, 158]],

       [[290, 157]],

       [[291, 156]],

       [[291, 155]],

       [[290, 154]],

       [[290, 153]],

       [[290, 152]],

       [[290, 153]],

       [[290, 154]],

       [[290, 155]],

       [[291, 156]],

       [[290, 157]],

       [[290, 158]],

       [[291, 159]],

       [[290, 160]],

       [[290, 161]],

       [[289, 162]],

       [[288, 161]],

       [[288, 160]],

       [[288, 159]],

       [[288, 158]],

       [[288, 157]],

       [[288, 156]],

       [[287, 157]],

       [[286, 157]],

       [[285, 156]],

       [[285, 155]],

       [[285, 154]],

       [[284, 153]]], dtype=int32), array([[[195, 194]],

       [[195, 195]],

       [[196, 195]],

       [[197, 196]],

       [[196, 197]],

       [[196, 198]],

       [[197, 198]],

       [[198, 199]],

       [[198, 200]],

       [[199, 201]],

       [[199, 202]],

       [[200, 203]],

       [[201, 204]],

       [[201, 205]],

       [[201, 206]],

       [[202, 207]],

       [[203, 208]],

       [[203, 209]],

       [[203, 210]],

       [[204, 211]],

       [[205, 212]],

       [[206, 213]],

       [[207, 213]],

       [[208, 213]],

       [[209, 214]],

       [[210, 214]],

       [[211, 214]],

       [[212, 215]],

       [[213, 215]],

       [[214, 215]],

       [[214, 214]],

       [[215, 213]],

       [[215, 212]],

       [[215, 211]],

       [[216, 210]],

       [[217, 209]],

       [[217, 208]],

       [[218, 207]],

       [[218, 206]],

       [[219, 205]],

       [[220, 206]],

       [[221, 206]],

       [[222, 207]],

       [[222, 208]],

       [[223, 208]],

       [[224, 208]],

       [[225, 208]],

       [[226, 209]],

       [[226, 210]],

       [[227, 210]],

       [[228, 209]],

       [[229, 210]],

       [[230, 210]],

       [[231, 211]],

       [[232, 211]],

       [[233, 211]],

       [[234, 212]],

       [[235, 213]],

       [[236, 213]],

       [[237, 213]],

       [[238, 213]],

       [[239, 214]],

       [[240, 214]],

       [[241, 214]],

       [[242, 215]],

       [[243, 215]],

       [[244, 216]],

       [[243, 217]],

       [[242, 217]],

       [[241, 217]],

       [[240, 217]],

       [[240, 218]],

       [[240, 219]],

       [[239, 220]],

       [[238, 220]],

       [[237, 220]],

       [[236, 219]],

       [[235, 220]],

       [[234, 219]],

       [[233, 219]],

       [[232, 219]],

       [[231, 219]],

       [[230, 219]],

       [[229, 218]],

       [[230, 217]],

       [[231, 217]],

       [[230, 217]],

       [[229, 216]],

       [[230, 217]],

       [[229, 218]],

       [[228, 218]],

       [[227, 218]],

       [[226, 218]],

       [[225, 218]],

       [[224, 218]],

       [[225, 218]],

       [[226, 218]],

       [[227, 218]],

       [[228, 218]],

       [[229, 219]],

       [[230, 219]],

       [[231, 219]],

       [[232, 219]],

       [[233, 220]],

       [[234, 220]],

       [[235, 220]],

       [[236, 220]],

       [[237, 220]],

       [[238, 221]],

       [[239, 221]],

       [[240, 220]],

       [[240, 219]],

       [[240, 218]],

       [[241, 217]],

       [[242, 217]],

       [[243, 217]],

       [[244, 218]],

       [[244, 219]],

       [[243, 220]],

       [[242, 220]],

       [[242, 221]],

       [[242, 222]],

       [[243, 222]],

       [[244, 222]],

       [[245, 222]],

       [[246, 222]],

       [[247, 223]],

       [[248, 222]],

       [[249, 223]],

       [[250, 224]],

       [[251, 224]],

       [[252, 224]],

       [[253, 224]],

       [[254, 225]],

       [[255, 225]],

       [[254, 225]],

       [[253, 224]],

       [[254, 223]],

       [[254, 222]],

       [[254, 221]],

       [[254, 220]],

       [[254, 219]],

       [[255, 218]],

       [[256, 219]],

       [[257, 219]],

       [[257, 218]],

       [[257, 217]],

       [[257, 216]],

       [[257, 215]],

       [[258, 214]],

       [[259, 215]],

       [[259, 216]],

       [[259, 215]],

       [[259, 214]],

       [[259, 213]],

       [[258, 214]],

       [[257, 214]],

       [[256, 214]],

       [[255, 214]],

       [[254, 215]],

       [[253, 215]],

       [[252, 215]],

       [[251, 215]],

       [[250, 215]],

       [[249, 215]],

       [[248, 215]],

       [[247, 215]],

       [[246, 215]],

       [[245, 215]],

       [[244, 215]],

       [[243, 214]],

       [[242, 214]],

       [[241, 214]],

       [[240, 213]],

       [[239, 213]],

       [[238, 213]],

       [[237, 213]],

       [[236, 212]],

       [[235, 212]],

       [[234, 211]],

       [[233, 211]],

       [[232, 211]],

       [[231, 210]],

       [[230, 210]],

       [[229, 210]],

       [[228, 209]],

       [[227, 209]],

       [[226, 208]],

       [[225, 208]],

       [[224, 208]],

       [[223, 207]],

       [[222, 207]],

       [[221, 206]],

       [[220, 206]],

       [[219, 205]],

       [[218, 205]],

       [[217, 205]],

       [[216, 204]],

       [[215, 204]],

       [[214, 203]],

       [[213, 203]],

       [[212, 202]],

       [[211, 202]],

       [[210, 201]],

       [[209, 201]],

       [[208, 201]],

       [[207, 200]],

       [[206, 200]],

       [[205, 199]],

       [[204, 199]],

       [[203, 199]],

       [[202, 199]],

       [[201, 199]],

       [[200, 198]],

       [[199, 198]],

       [[198, 197]],

       [[197, 196]],

       [[196, 195]]], dtype=int32), array([[[309, 155]],

       [[310, 156]],

       [[311, 157]],

       [[310, 158]],

       [[310, 159]],

       [[309, 160]],

       [[308, 161]],

       [[307, 160]],

       [[308, 161]],

       [[308, 162]],

       [[309, 163]],

       [[309, 164]],

       [[308, 165]],

       [[307, 164]],

       [[308, 165]],

       [[308, 166]],

       [[308, 165]],

       [[309, 164]],

       [[310, 165]],

       [[310, 166]],

       [[311, 167]],

       [[311, 168]],

       [[310, 169]],

       [[309, 168]],

       [[310, 169]],

       [[310, 170]],

       [[310, 169]],

       [[311, 168]],

       [[312, 169]],

       [[312, 170]],

       [[312, 169]],

       [[311, 168]],

       [[311, 167]],

       [[310, 166]],

       [[310, 165]],

       [[309, 164]],

       [[309, 163]],

       [[308, 162]],

       [[308, 161]],

       [[309, 160]],

       [[310, 159]],

       [[311, 160]],

       [[311, 161]],

       [[311, 162]],

       [[312, 163]],

       [[312, 164]],

       [[312, 165]],

       [[313, 166]],

       [[313, 167]],

       [[314, 168]],

       [[314, 169]],

       [[314, 170]],

       [[315, 171]],

       [[316, 172]],

       [[316, 173]],

       [[316, 174]],

       [[315, 175]],

       [[314, 175]],

       [[313, 174]],

       [[313, 173]],

       [[313, 172]],

       [[313, 173]],

       [[313, 174]],

       [[314, 175]],

       [[314, 176]],

       [[313, 177]],

       [[312, 176]],

       [[312, 177]],

       [[313, 178]],

       [[312, 179]],

       [[312, 180]],

       [[313, 181]],

       [[313, 182]],

       [[314, 183]],

       [[315, 184]],

       [[315, 185]],

       [[315, 186]],

       [[316, 187]],

       [[317, 188]],

       [[316, 189]],

       [[315, 189]],

       [[315, 190]],

       [[316, 191]],

       [[316, 192]],

       [[317, 193]],

       [[316, 192]],

       [[317, 191]],

       [[317, 190]],

       [[317, 189]],

       [[317, 188]],

       [[316, 187]],

       [[316, 186]],

       [[317, 185]],

       [[318, 186]],

       [[319, 187]],

       [[320, 188]],

       [[321, 189]],

       [[320, 190]],

       [[319, 190]],

       [[319, 191]],

       [[319, 192]],

       [[320, 193]],

       [[321, 194]],

       [[322, 193]],

       [[323, 194]],

       [[323, 195]],

       [[323, 196]],

       [[323, 197]],

       [[324, 197]],

       [[325, 198]],

       [[324, 199]],

       [[325, 198]],

       [[326, 199]],

       [[327, 200]],

       [[327, 201]],

       [[328, 201]],

       [[329, 202]],

       [[329, 203]],

       [[330, 203]],

       [[331, 204]],

       [[332, 205]],

       [[332, 204]],

       [[332, 203]],

       [[332, 202]],

       [[331, 201]],

       [[332, 202]],

       [[331, 203]],

       [[330, 203]],

       [[329, 202]],

       [[329, 201]],

       [[329, 200]],

       [[330, 199]],

       [[329, 199]],

       [[328, 198]],

       [[328, 197]],

       [[328, 196]],

       [[327, 195]],

       [[327, 194]],

       [[327, 193]],

       [[327, 192]],

       [[326, 191]],

       [[325, 190]],

       [[324, 189]],

       [[323, 189]],

       [[322, 189]],

       [[321, 188]],

       [[321, 187]],

       [[322, 186]],

       [[323, 187]],

       [[324, 186]],

       [[325, 187]],

       [[324, 186]],

       [[323, 185]],

       [[322, 184]],

       [[322, 183]],

       [[322, 182]],

       [[323, 181]],

       [[324, 181]],

       [[325, 182]],

       [[324, 183]],

       [[325, 184]],

       [[326, 184]],

       [[327, 185]],

       [[327, 186]],

       [[328, 187]],

       [[328, 188]],

       [[328, 189]],

       [[328, 190]],

       [[329, 191]],

       [[329, 190]],

       [[328, 189]],

       [[328, 188]],

       [[328, 187]],

       [[327, 186]],

       [[327, 185]],

       [[327, 184]],

       [[326, 183]],

       [[325, 182]],

       [[324, 181]],

       [[324, 180]],

       [[324, 179]],

       [[324, 180]],

       [[323, 181]],

       [[322, 180]],

       [[322, 179]],

       [[322, 178]],

       [[322, 177]],

       [[321, 176]],

       [[321, 175]],

       [[320, 174]],

       [[319, 173]],

       [[318, 172]],

       [[318, 171]],

       [[318, 170]],

       [[317, 169]],

       [[318, 168]],

       [[317, 168]],

       [[316, 167]],

       [[316, 166]],

       [[315, 165]],

       [[315, 164]],

       [[315, 163]],

       [[314, 162]],

       [[313, 161]],

       [[313, 160]],

       [[312, 159]],

       [[311, 158]],

       [[311, 157]],

       [[310, 156]]], dtype=int32), array([[[281, 224]],

       [[282, 224]],

       [[283, 225]],

       [[282, 226]],

       [[283, 225]],

       [[284, 226]],

       [[285, 227]],

       [[284, 228]],

       [[283, 229]],

       [[282, 230]],

       [[281, 229]],

       [[280, 229]],

       [[281, 230]],

       [[282, 231]],

       [[283, 232]],

       [[282, 231]],

       [[282, 230]],

       [[283, 229]],

       [[284, 230]],

       [[285, 231]],

       [[286, 232]],

       [[287, 233]],

       [[287, 234]],

       [[288, 235]],

       [[289, 235]],

       [[290, 236]],

       [[290, 237]],

       [[291, 237]],

       [[292, 238]],

       [[293, 239]],

       [[294, 239]],

       [[295, 240]],

       [[294, 239]],

       [[295, 238]],

       [[296, 238]],

       [[297, 239]],

       [[298, 240]],

       [[297, 241]],

       [[296, 242]],

       [[297, 243]],

       [[298, 242]],

       [[299, 243]],

       [[299, 244]],

       [[300, 245]],

       [[301, 244]],

       [[302, 245]],

       [[303, 246]],

       [[304, 247]],

       [[304, 248]],

       [[305, 249]],

       [[306, 250]],

       [[307, 250]],

       [[308, 251]],

       [[309, 252]],

       [[310, 253]],

       [[311, 254]],

       [[310, 253]],

       [[309, 252]],

       [[309, 251]],

       [[308, 250]],

       [[308, 249]],

       [[307, 248]],

       [[307, 247]],

       [[306, 246]],

       [[305, 245]],

       [[305, 244]],

       [[304, 244]],

       [[303, 243]],

       [[303, 242]],

       [[302, 241]],

       [[301, 240]],

       [[300, 239]],

       [[299, 238]],

       [[298, 237]],

       [[297, 236]],

       [[296, 235]],

       [[295, 234]],

       [[294, 233]],

       [[293, 232]],

       [[292, 232]],

       [[291, 231]],

       [[290, 231]],

       [[289, 230]],

       [[288, 229]],

       [[287, 228]],

       [[286, 227]],

       [[285, 227]],

       [[284, 226]],

       [[283, 225]],

       [[282, 224]]], dtype=int32), array([[[166,   4]],

       [[167,   5]],

       [[166,   6]],

       [[167,   7]],

       [[167,   8]],

       [[167,   9]],

       [[167,  10]],

       [[168,  10]],

       [[169,  11]],

       [[168,  12]],

       [[169,  13]],

       [[169,  14]],

       [[170,  15]],

       [[171,  16]],

       [[171,  17]],

       [[172,  18]],

       [[173,  19]],

       [[174,  20]],

       [[174,  21]],

       [[173,  22]],

       [[172,  21]],

       [[173,  22]],

       [[172,  23]],

       [[173,  22]],

       [[174,  23]],

       [[175,  24]],

       [[176,  25]],

       [[175,  24]],

       [[176,  23]],

       [[177,  23]],

       [[178,  24]],

       [[178,  25]],

       [[179,  25]],

       [[180,  26]],

       [[181,  26]],

       [[182,  27]],

       [[181,  26]],

       [[180,  25]],

       [[179,  24]],

       [[178,  23]],

       [[178,  22]],

       [[177,  21]],

       [[176,  20]],

       [[175,  19]],

       [[175,  18]],

       [[174,  17]],

       [[174,  16]],

       [[173,  17]],

       [[172,  16]],

       [[172,  15]],

       [[172,  14]],

       [[171,  13]],

       [[171,  12]],

       [[170,  11]],

       [[170,  10]],

       [[169,   9]],

       [[169,   8]],

       [[168,   7]],

       [[168,   6]],

       [[168,   5]],

       [[168,   4]],

       [[167,   4]]], dtype=int32), array([[[297, 156]],

       [[296, 157]],

       [[296, 158]],

       [[297, 159]],

       [[297, 160]],

       [[296, 161]],

       [[297, 162]],

       [[297, 163]],

       [[297, 164]],

       [[297, 165]],

       [[298, 164]],

       [[299, 165]],

       [[299, 166]],

       [[300, 167]],

       [[301, 168]],

       [[301, 169]],

       [[302, 170]],

       [[302, 171]],

       [[303, 171]],

       [[304, 172]],

       [[304, 173]],

       [[305, 174]],

       [[305, 175]],

       [[305, 176]],

       [[304, 177]],

       [[305, 178]],

       [[305, 179]],

       [[306, 180]],

       [[307, 181]],

       [[306, 180]],

       [[306, 179]],

       [[305, 178]],

       [[304, 177]],

       [[305, 176]],

       [[306, 176]],

       [[306, 175]],

       [[305, 174]],

       [[305, 173]],

       [[305, 172]],

       [[304, 171]],

       [[303, 170]],

       [[304, 169]],

       [[303, 168]],

       [[303, 167]],

       [[302, 166]],

       [[302, 165]],

       [[302, 164]],

       [[301, 163]],

       [[300, 162]],

       [[300, 161]],

       [[300, 160]],

       [[299, 159]],

       [[298, 158]],

       [[297, 158]],

       [[296, 157]]], dtype=int32), array([[[315, 260]],

       [[316, 261]],

       [[316, 262]],

       [[317, 263]],

       [[317, 264]],

       [[317, 265]],

       [[318, 266]],

       [[318, 267]],

       [[318, 268]],

       [[319, 269]],

       [[319, 270]],

       [[319, 271]],

       [[320, 272]],

       [[320, 273]],

       [[321, 274]],

       [[321, 275]],

       [[321, 276]],

       [[321, 275]],

       [[322, 274]],

       [[321, 273]],

       [[322, 272]],

       [[322, 271]],

       [[322, 270]],

       [[322, 269]],

       [[322, 268]],

       [[323, 267]],

       [[322, 266]],

       [[322, 265]],

       [[321, 264]],

       [[320, 264]],

       [[319, 263]],

       [[318, 262]],

       [[317, 261]],

       [[316, 260]]], dtype=int32), array([[[170,  25]],

       [[169,  26]],

       [[170,  25]],

       [[171,  26]],

       [[172,  27]],

       [[173,  28]],

       [[174,  29]],

       [[173,  30]],

       [[173,  31]],

       [[174,  31]],

       [[175,  32]],

       [[176,  33]],

       [[177,  33]],

       [[178,  33]],

       [[179,  34]],

       [[180,  33]],

       [[181,  33]],

       [[182,  33]],

       [[181,  32]],

       [[180,  32]],

       [[179,  31]],

       [[178,  31]],

       [[177,  30]],

       [[178,  29]],

       [[179,  29]],

       [[178,  29]],

       [[177,  29]],

       [[176,  28]],

       [[175,  29]],

       [[174,  28]],

       [[173,  27]],

       [[174,  26]],

       [[173,  25]],

       [[172,  25]],

       [[171,  26]]], dtype=int32), array([[[273, 172]],

       [[272, 173]],

       [[271, 174]],

       [[270, 174]],

       [[269, 174]],

       [[268, 175]],

       [[268, 176]],

       [[267, 177]],

       [[266, 177]],

       [[265, 177]],

       [[264, 178]],

       [[263, 178]],

       [[262, 178]],

       [[262, 179]],

       [[263, 180]],

       [[264, 181]],

       [[265, 180]],

       [[266, 179]],

       [[267, 179]],

       [[268, 178]],

       [[269, 177]],

       [[270, 176]],

       [[270, 175]],

       [[271, 174]],

       [[272, 175]],

       [[273, 176]],

       [[273, 175]],

       [[273, 174]],

       [[273, 173]]], dtype=int32), array([[[270, 191]],

       [[269, 192]],

       [[268, 192]],

       [[268, 193]],

       [[268, 194]],

       [[268, 195]],

       [[268, 196]],

       [[268, 197]],

       [[268, 198]],

       [[268, 199]],

       [[268, 200]],

       [[268, 201]],

       [[268, 202]],

       [[268, 203]],

       [[268, 204]],

       [[268, 205]],

       [[268, 206]],

       [[268, 207]],

       [[269, 207]],

       [[269, 206]],

       [[269, 205]],

       [[269, 204]],

       [[269, 203]],

       [[269, 202]],

       [[269, 201]],

       [[269, 200]],

       [[269, 199]],

       [[270, 198]],

       [[270, 197]],

       [[270, 196]],

       [[270, 195]],

       [[270, 194]],

       [[270, 193]],

       [[270, 192]]], dtype=int32), array([[[142,  13]],

       [[143,  14]],

       [[143,  15]],

       [[143,  16]],

       [[143,  17]],

       [[143,  18]],

       [[142,  19]],

       [[141,  20]],

       [[141,  21]],

       [[142,  21]],

       [[143,  22]],

       [[143,  23]],

       [[144,  24]],

       [[143,  25]],

       [[144,  26]],

       [[144,  27]],

       [[144,  26]],

       [[145,  25]],

       [[146,  26]],

       [[146,  27]],

       [[147,  28]],

       [[148,  29]],

       [[147,  28]],

       [[146,  27]],

       [[146,  26]],

       [[145,  25]],

       [[146,  24]],

       [[146,  23]],

       [[146,  22]],

       [[145,  21]],

       [[144,  20]],

       [[145,  19]],

       [[144,  18]],

       [[144,  17]],

       [[143,  16]],

       [[143,  15]],

       [[143,  14]],

       [[143,  13]]], dtype=int32), array([[[ 88, 190]],

       [[ 87, 191]],

       [[ 87, 192]],

       [[ 87, 193]],

       [[ 86, 194]],

       [[ 86, 195]],

       [[ 86, 196]],

       [[ 85, 197]],

       [[ 85, 198]],

       [[ 85, 199]],

       [[ 84, 200]],

       [[ 84, 201]],

       [[ 83, 202]],

       [[ 83, 203]],

       [[ 82, 204]],

       [[ 82, 205]],

       [[ 81, 206]],

       [[ 81, 207]],

       [[ 81, 208]],

       [[ 80, 209]],

       [[ 81, 210]],

       [[ 82, 209]],

       [[ 82, 208]],

       [[ 83, 207]],

       [[ 84, 207]],

       [[ 83, 206]],

       [[ 84, 205]],

       [[ 83, 204]],

       [[ 83, 203]],

       [[ 84, 202]],

       [[ 84, 201]],

       [[ 84, 200]],

       [[ 85, 199]],

       [[ 85, 198]],

       [[ 86, 197]],

       [[ 86, 196]],

       [[ 87, 195]],

       [[ 87, 194]],

       [[ 88, 193]],

       [[ 87, 192]],

       [[ 88, 191]],

       [[ 89, 190]]], dtype=int32), array([[[167,  36]],

       [[166,  37]],

       [[165,  38]],

       [[166,  37]],

       [[167,  37]],

       [[168,  38]],

       [[169,  38]],

       [[170,  39]],

       [[171,  39]],

       [[172,  39]],

       [[173,  40]],

       [[174,  40]],

       [[174,  39]],

       [[175,  38]],

       [[176,  39]],

       [[177,  39]],

       [[176,  38]],

       [[175,  38]],

       [[174,  39]],

       [[173,  38]],

       [[173,  37]],

       [[172,  36]],

       [[171,  37]],

       [[170,  36]],

       [[169,  36]],

       [[168,  36]]], dtype=int32), array([[[303, 147]],

       [[302, 148]],

       [[303, 149]],

       [[303, 150]],

       [[304, 151]],

       [[304, 152]],

       [[304, 153]],

       [[305, 154]],

       [[305, 155]],

       [[306, 156]],

       [[306, 157]],

       [[307, 158]],

       [[308, 158]],

       [[307, 157]],

       [[307, 156]],

       [[307, 155]],

       [[307, 154]],

       [[306, 153]],

       [[306, 152]],

       [[305, 151]],

       [[305, 150]],

       [[304, 149]],

       [[303, 148]]], dtype=int32), array([[[133, 130]],

       [[132, 131]],

       [[132, 132]],

       [[133, 133]],

       [[134, 134]],

       [[135, 135]],

       [[136, 135]],

       [[136, 134]],

       [[136, 133]],

       [[136, 132]],

       [[137, 131]],

       [[136, 131]],

       [[135, 130]],

       [[134, 130]]], dtype=int32), array([[[158,  28]],

       [[159,  29]],

       [[160,  30]],

       [[161,  31]],

       [[162,  32]],

       [[163,  33]],

       [[164,  33]],

       [[165,  34]],

       [[165,  35]],

       [[166,  34]],

       [[167,  34]],

       [[166,  33]],

       [[165,  32]],

       [[164,  31]],

       [[163,  31]],

       [[162,  30]],

       [[161,  29]],

       [[160,  28]],

       [[159,  28]]], dtype=int32), array([[[276,  13]],

       [[275,  14]],

       [[274,  15]],

       [[273,  14]],

       [[272,  15]],

       [[271,  15]],

       [[271,  16]],

       [[270,  17]],

       [[269,  18]],

       [[269,  19]],

       [[269,  18]],

       [[270,  17]],

       [[271,  17]],

       [[271,  16]],

       [[272,  15]],

       [[273,  16]],

       [[274,  16]],

       [[275,  16]],

       [[274,  15]],

       [[275,  14]],

       [[276,  14]],

       [[277,  14]],

       [[278,  13]],

       [[279,  13]],

       [[280,  14]],

       [[281,  14]],

       [[282,  15]],

       [[283,  15]],

       [[282,  14]],

       [[283,  13]],

       [[284,  13]],

       [[285,  13]],

       [[284,  13]],

       [[283,  13]],

       [[282,  13]],

       [[281,  13]],

       [[280,  13]],

       [[279,  13]],

       [[278,  13]],

       [[277,  13]]], dtype=int32), array([[[164,   6]],

       [[164,   7]],

       [[164,   8]],

       [[164,   9]],

       [[164,  10]],

       [[164,  11]],

       [[164,  12]],

       [[164,  13]],

       [[164,  14]],

       [[165,  13]],

       [[166,  14]],

       [[166,  15]],

       [[165,  16]],

       [[166,  17]],

       [[166,  18]],

       [[167,  19]],

       [[168,  20]],

       [[168,  19]],

       [[167,  18]],

       [[166,  17]],

       [[167,  16]],

       [[168,  16]],

       [[169,  17]],

       [[168,  16]],

       [[167,  16]],

       [[166,  15]],

       [[166,  14]],

       [[166,  13]],

       [[165,  12]],

       [[165,  11]],

       [[165,  10]],

       [[164,   9]],

       [[164,   8]],

       [[164,   7]]], dtype=int32), array([[[153, 131]],

       [[153, 132]],

       [[152, 133]],

       [[152, 134]],

       [[152, 135]],

       [[153, 136]],

       [[154, 135]],

       [[155, 136]],

       [[156, 136]],

       [[157, 137]],

       [[158, 136]],

       [[158, 135]],

       [[158, 134]],

       [[157, 133]],

       [[156, 132]],

       [[155, 131]],

       [[155, 132]],

       [[155, 133]],

       [[156, 133]],

       [[157, 134]],

       [[158, 135]],

       [[157, 136]],

       [[156, 136]],

       [[155, 136]],

       [[154, 135]],

       [[153, 134]],

       [[152, 133]],

       [[153, 132]]], dtype=int32), array([[[157,  37]],

       [[158,  38]],

       [[159,  39]],

       [[160,  39]],

       [[161,  39]],

       [[162,  40]],

       [[162,  41]],

       [[163,  40]],

       [[164,  40]],

       [[165,  41]],

       [[164,  42]],

       [[165,  43]],

       [[166,  43]],

       [[167,  44]],

       [[168,  44]],

       [[169,  44]],

       [[170,  44]],

       [[171,  44]],

       [[172,  44]],

       [[171,  44]],

       [[170,  44]],

       [[169,  44]],

       [[168,  43]],

       [[168,  42]],

       [[169,  41]],

       [[168,  42]],

       [[167,  42]],

       [[166,  42]],

       [[165,  41]],

       [[164,  40]],

       [[163,  40]],

       [[162,  40]],

       [[161,  39]],

       [[160,  39]],

       [[159,  39]],

       [[158,  38]]], dtype=int32), array([[[175,   0]],

       [[175,   1]],

       [[175,   2]],

       [[176,   2]],

       [[177,   2]],

       [[178,   3]],

       [[178,   2]],

       [[178,   1]],

       [[179,   0]],

       [[180,   0]],

       [[181,   0]],

       [[180,   0]],

       [[179,   0]],

       [[178,   0]],

       [[177,   0]],

       [[176,   0]]], dtype=int32), array([[[230,   0]],

       [[230,   1]],

       [[231,   2]],

       [[232,   1]],

       [[233,   1]],

       [[234,   1]],

       [[235,   1]],

       [[236,   0]],

       [[235,   0]],

       [[234,   0]],

       [[233,   0]],

       [[232,   0]],

       [[231,   0]]], dtype=int32), array([[[166, 112]],

       [[165, 113]],

       [[164, 114]],

       [[163, 115]],

       [[162, 116]],

       [[161, 116]],

       [[160, 117]],

       [[161, 117]],

       [[162, 117]],

       [[163, 116]],

       [[164, 116]],

       [[165, 115]],

       [[165, 114]],

       [[165, 113]],

       [[166, 112]],

       [[167, 112]]], dtype=int32), array([[[327, 275]],

       [[327, 276]],

       [[327, 277]],

       [[326, 278]],

       [[325, 279]],

       [[325, 280]],

       [[326, 281]],

       [[325, 282]],

       [[326, 281]],

       [[327, 280]],

       [[327, 279]],

       [[327, 278]],

       [[327, 277]],

       [[327, 276]]], dtype=int32), array([[[ 79, 211]],

       [[ 79, 212]],

       [[ 78, 213]],

       [[ 77, 214]],

       [[ 77, 215]],

       [[ 76, 216]],

       [[ 76, 217]],

       [[ 77, 216]],

       [[ 78, 215]],

       [[ 78, 214]],

       [[ 79, 213]],

       [[ 80, 212]]], dtype=int32), array([[[161, 152]],

       [[160, 153]],

       [[161, 152]],

       [[162, 153]],

       [[162, 154]],

       [[163, 153]],

       [[164, 154]],

       [[164, 155]],

       [[165, 156]],

       [[166, 157]],

       [[166, 158]],

       [[166, 157]],

       [[165, 156]],

       [[165, 155]],

       [[164, 154]],

       [[164, 153]],

       [[164, 152]],

       [[163, 152]],

       [[162, 152]]], dtype=int32), array([[[307, 145]],

       [[308, 146]],

       [[308, 147]],

       [[309, 148]],

       [[309, 149]],

       [[310, 150]],

       [[310, 151]],

       [[310, 152]],

       [[311, 153]],

       [[311, 154]],

       [[312, 155]],

       [[312, 154]],

       [[311, 153]],

       [[311, 152]],

       [[310, 151]],

       [[310, 150]],

       [[310, 149]],

       [[309, 148]],

       [[309, 147]],

       [[308, 146]],

       [[308, 145]]], dtype=int32), array([[[219, 214]],

       [[218, 215]],

       [[217, 215]],

       [[216, 215]],

       [[216, 216]],

       [[217, 215]],

       [[218, 216]],

       [[219, 216]],

       [[220, 217]],

       [[221, 217]],

       [[222, 217]],

       [[221, 217]],

       [[220, 216]],

       [[219, 215]]], dtype=int32), array([[[322, 205]],

       [[322, 206]],

       [[323, 207]],

       [[324, 208]],

       [[325, 209]],

       [[326, 210]],

       [[325, 211]],

       [[326, 212]],

       [[327, 211]],

       [[326, 210]],

       [[325, 209]],

       [[324, 208]],

       [[324, 207]],

       [[323, 206]]], dtype=int32), array([[[145,   4]],

       [[145,   5]],

       [[145,   6]],

       [[144,   7]],

       [[144,   8]],

       [[144,   9]],

       [[144,  10]],

       [[145,  11]],

       [[145,  10]],

       [[144,   9]],

       [[144,   8]],

       [[145,   7]],

       [[146,   6]],

       [[146,   5]]], dtype=int32), array([[[314, 223]],

       [[315, 224]],

       [[315, 225]],

       [[315, 226]],

       [[316, 227]],

       [[315, 228]],

       [[316, 229]],

       [[316, 230]],

       [[317, 231]],

       [[318, 231]],

       [[317, 230]],

       [[317, 229]],

       [[316, 228]],

       [[316, 227]],

       [[315, 226]],

       [[315, 225]],

       [[315, 224]]], dtype=int32), array([[[277, 213]],

       [[278, 214]],

       [[278, 215]],

       [[279, 215]],

       [[279, 214]],

       [[279, 213]],

       [[278, 213]]], dtype=int32), array([[[314, 230]],

       [[314, 231]],

       [[314, 232]],

       [[314, 233]],

       [[315, 234]],

       [[315, 235]],

       [[315, 236]],

       [[315, 237]],

       [[316, 238]],

       [[316, 237]],

       [[315, 236]],

       [[315, 235]],

       [[315, 234]],

       [[315, 233]],

       [[314, 232]],

       [[314, 231]]], dtype=int32), array([[[279, 225]],

       [[278, 226]],

       [[279, 227]],

       [[280, 226]]], dtype=int32), array([[[185, 183]],

       [[186, 184]],

       [[185, 185]],

       [[186, 186]],

       [[187, 187]],

       [[187, 186]],

       [[186, 185]],

       [[186, 184]]], dtype=int32), array([[[293, 150]],

       [[293, 151]],

       [[293, 152]],

       [[293, 153]],

       [[294, 154]],

       [[294, 153]],

       [[294, 152]],

       [[293, 151]]], dtype=int32), array([[[161,  23]],

       [[162,  24]],

       [[162,  25]],

       [[161,  26]],

       [[162,  25]],

       [[163,  26]],

       [[163,  27]],

       [[164,  28]],

       [[165,  29]],

       [[166,  30]],

       [[167,  31]],

       [[166,  30]],

       [[165,  29]],

       [[165,  28]],

       [[164,  27]],

       [[163,  26]],

       [[162,  25]],

       [[162,  24]]], dtype=int32), array([[[153,   6]],

       [[153,   7]],

       [[154,   7]],

       [[155,   8]],

       [[155,   9]],

       [[155,  10]],

       [[154,  11]],

       [[155,  12]],

       [[155,  13]],

       [[155,  12]],

       [[154,  11]],

       [[155,  10]],

       [[155,   9]],

       [[155,   8]],

       [[155,   7]],

       [[154,   6]]], dtype=int32), array([[[262, 211]],

       [[262, 212]],

       [[262, 213]],

       [[261, 214]],

       [[262, 215]],

       [[263, 215]],

       [[262, 214]],

       [[262, 213]],

       [[262, 212]]], dtype=int32), array([[[103, 112]],

       [[102, 113]],

       [[101, 113]],

       [[100, 113]],

       [[ 99, 114]],

       [[100, 114]],

       [[101, 113]],

       [[102, 114]],

       [[102, 113]]], dtype=int32), array([[[152,   0]],

       [[152,   1]],

       [[153,   2]],

       [[152,   3]],

       [[153,   4]],

       [[153,   3]],

       [[153,   2]],

       [[152,   1]],

       [[153,   0]]], dtype=int32), array([[[319, 237]],

       [[319, 238]],

       [[320, 239]],

       [[320, 238]]], dtype=int32), array([[[341, 216]],

       [[341, 217]],

       [[342, 218]],

       [[343, 219]],

       [[344, 220]],

       [[344, 221]],

       [[345, 222]],

       [[344, 221]],

       [[344, 220]],

       [[343, 219]],

       [[342, 218]],

       [[342, 217]]], dtype=int32), array([[[310, 210]],

       [[310, 211]],

       [[310, 212]],

       [[311, 213]],

       [[311, 214]],

       [[312, 215]],

       [[312, 216]],

       [[313, 217]],

       [[313, 218]],

       [[313, 219]],

       [[313, 218]],

       [[313, 217]],

       [[312, 216]],

       [[312, 215]],

       [[311, 214]],

       [[311, 213]],

       [[311, 212]],

       [[310, 211]]], dtype=int32), array([[[331, 190]],

       [[331, 191]],

       [[331, 192]],

       [[332, 193]],

       [[331, 192]],

       [[332, 191]]], dtype=int32), array([[[288, 146]],

       [[288, 147]],

       [[288, 148]],

       [[287, 149]],

       [[288, 150]],

       [[288, 151]],

       [[288, 152]],

       [[287, 153]],

       [[288, 152]],

       [[288, 151]],

       [[288, 150]],

       [[288, 149]],

       [[288, 148]],

       [[288, 147]]], dtype=int32), array([[[282,  10]],

       [[281,  11]],

       [[280,  11]],

       [[279,  11]],

       [[278,  11]],

       [[279,  11]],

       [[280,  11]],

       [[281,  11]],

       [[282,  11]],

       [[283,  11]],

       [[284,  11]],

       [[285,  11]],

       [[284,  11]],

       [[283,  11]]], dtype=int32), array([[[262, 217]],

       [[263, 218]],

       [[263, 219]],

       [[263, 218]],

       [[263, 217]]], dtype=int32), array([[[329, 214]],

       [[329, 215]],

       [[330, 215]],

       [[331, 216]],

       [[330, 215]]], dtype=int32), array([[[333, 195]],

       [[334, 196]],

       [[333, 197]],

       [[332, 198]],

       [[331, 197]],

       [[332, 198]],

       [[333, 197]],

       [[334, 197]],

       [[335, 198]],

       [[336, 199]],

       [[336, 200]],

       [[337, 201]],

       [[338, 202]],

       [[337, 201]],

       [[336, 200]],

       [[336, 199]],

       [[335, 198]],

       [[334, 197]],

       [[334, 196]]], dtype=int32), array([[[301, 178]],

       [[302, 179]],

       [[301, 180]],

       [[302, 181]],

       [[302, 182]],

       [[303, 183]],

       [[304, 184]],

       [[303, 183]],

       [[302, 182]],

       [[303, 181]],

       [[302, 181]],

       [[301, 180]],

       [[302, 179]]], dtype=int32), array([[[ 76, 176]],

       [[ 75, 177]],

       [[ 74, 178]],

       [[ 75, 178]],

       [[ 75, 177]]], dtype=int32), array([[[147, 156]],

       [[148, 157]],

       [[149, 158]],

       [[149, 159]],

       [[150, 160]],

       [[149, 159]],

       [[149, 158]],

       [[149, 157]],

       [[148, 157]]], dtype=int32), array([[[169,  33]],

       [[169,  34]],

       [[170,  34]],

       [[171,  34]],

       [[170,  34]]], dtype=int32), array([[[187,  23]],

       [[187,  24]],

       [[188,  24]]], dtype=int32), array([[[116,  18]],

       [[117,  18]],

       [[118,  19]],

       [[117,  20]],

       [[116,  20]],

       [[117,  20]],

       [[118,  19]],

       [[118,  18]],

       [[117,  18]]], dtype=int32), array([[[154,  16]],

       [[155,  17]],

       [[156,  18]],

       [[155,  19]],

       [[156,  19]],

       [[157,  20]],

       [[157,  21]],

       [[157,  22]],

       [[157,  21]],

       [[157,  20]],

       [[156,  19]],

       [[156,  18]],

       [[155,  17]]], dtype=int32), array([[[243,  10]],

       [[243,  11]],

       [[244,  11]]], dtype=int32), array([[[150,   7]],

       [[150,   8]],

       [[150,   9]],

       [[149,  10]],

       [[148,  10]],

       [[149,  11]],

       [[149,  12]],

       [[149,  11]],

       [[149,  10]],

       [[150,   9]],

       [[151,  10]],

       [[151,  11]],

       [[152,  12]],

       [[151,  11]],

       [[151,  10]],

       [[150,   9]],

       [[150,   8]]], dtype=int32), array([[[322, 282]],

       [[322, 283]]], dtype=int32), array([[[323, 278]],

       [[323, 279]],

       [[323, 280]],

       [[323, 279]]], dtype=int32), array([[[325, 274]],

       [[325, 275]]], dtype=int32), array([[[323, 254]]], dtype=int32), array([[[320, 252]]], dtype=int32), array([[[ 75, 243]]], dtype=int32), array([[[320, 241]]], dtype=int32), array([[[ 76, 240]],

       [[ 76, 241]]], dtype=int32), array([[[306, 238]]], dtype=int32), array([[[312, 235]]], dtype=int32), array([[[301, 233]],

       [[302, 234]]], dtype=int32), array([[[310, 231]],

       [[310, 232]]], dtype=int32), array([[[297, 228]],

       [[297, 229]]], dtype=int32), array([[[311, 227]],

       [[311, 228]]], dtype=int32), array([[[294, 227]],

       [[295, 228]]], dtype=int32), array([[[332, 225]]], dtype=int32), array([[[268, 225]]], dtype=int32), array([[[264, 225]],

       [[265, 226]],

       [[264, 227]],

       [[265, 226]]], dtype=int32), array([[[292, 224]]], dtype=int32), array([[[332, 222]]], dtype=int32), array([[[330, 222]],

       [[330, 223]]], dtype=int32), array([[[277, 222]],

       [[278, 223]]], dtype=int32), array([[[264, 222]]], dtype=int32), array([[[314, 221]]], dtype=int32), array([[[288, 221]]], dtype=int32), array([[[274, 221]],

       [[274, 222]],

       [[275, 223]],

       [[274, 222]]], dtype=int32), array([[[330, 220]]], dtype=int32), array([[[287, 219]]], dtype=int32), array([[[272, 219]]], dtype=int32), array([[[330, 218]]], dtype=int32), array([[[327, 217]]], dtype=int32), array([[[288, 217]],

       [[289, 218]]], dtype=int32), array([[[286, 217]]], dtype=int32), array([[[275, 217]]], dtype=int32), array([[[334, 216]],

       [[335, 217]],

       [[336, 218]],

       [[337, 219]],

       [[336, 218]],

       [[335, 217]]], dtype=int32), array([[[227, 216]]], dtype=int32), array([[[269, 215]]], dtype=int32), array([[[327, 214]]], dtype=int32), array([[[232, 214]]], dtype=int32), array([[[ 87, 214]]], dtype=int32), array([[[340, 213]]], dtype=int32), array([[[270, 213]],

       [[271, 214]]], dtype=int32), array([[[332, 211]],

       [[333, 212]]], dtype=int32), array([[[329, 211]],

       [[330, 212]]], dtype=int32), array([[[285, 211]]], dtype=int32), array([[[266, 210]]], dtype=int32), array([[[269, 209]],

       [[269, 210]]], dtype=int32), array([[[271, 208]],

       [[271, 209]],

       [[271, 210]],

       [[271, 209]]], dtype=int32), array([[[335, 207]],

       [[336, 208]],

       [[337, 209]],

       [[336, 208]]], dtype=int32), array([[[309, 207]],

       [[309, 208]]], dtype=int32), array([[[283, 207]]], dtype=int32), array([[[266, 207]]], dtype=int32), array([[[316, 206]]], dtype=int32), array([[[274, 206]],

       [[274, 207]]], dtype=int32), array([[[334, 205]]], dtype=int32), array([[[282, 205]]], dtype=int32), array([[[281, 203]],

       [[282, 203]]], dtype=int32), array([[[274, 203]],

       [[274, 204]]], dtype=int32), array([[[340, 202]]], dtype=int32), array([[[320, 202]]], dtype=int32), array([[[307, 202]]], dtype=int32), array([[[277, 202]]], dtype=int32), array([[[334, 201]],

       [[335, 202]]], dtype=int32), array([[[313, 201]],

       [[313, 202]]], dtype=int32), array([[[319, 198]],

       [[319, 199]],

       [[320, 200]],

       [[319, 199]]], dtype=int32), array([[[337, 197]],

       [[338, 198]],

       [[338, 199]],

       [[339, 200]],

       [[338, 199]],

       [[338, 198]]], dtype=int32), array([[[273, 197]],

       [[273, 198]],

       [[273, 199]],

       [[273, 198]]], dtype=int32), array([[[304, 196]]], dtype=int32), array([[[315, 195]],

       [[316, 196]]], dtype=int32), array([[[286, 195]],

       [[286, 196]],

       [[286, 197]],

       [[287, 198]],

       [[287, 199]],

       [[287, 198]],

       [[286, 197]],

       [[286, 196]]], dtype=int32), array([[[157, 195]],

       [[156, 196]],

       [[155, 196]],

       [[154, 196]],

       [[155, 196]],

       [[156, 196]],

       [[157, 195]],

       [[158, 195]],

       [[159, 195]],

       [[160, 195]],

       [[161, 195]],

       [[162, 195]],

       [[161, 195]],

       [[160, 195]],

       [[159, 195]],

       [[158, 195]]], dtype=int32), array([[[330, 194]],

       [[331, 195]]], dtype=int32), array([[[166, 194]],

       [[165, 195]],

       [[164, 195]],

       [[165, 195]]], dtype=int32), array([[[273, 193]],

       [[273, 194]],

       [[273, 195]],

       [[273, 194]]], dtype=int32), array([[[181, 193]]], dtype=int32), array([[[183, 192]]], dtype=int32), array([[[275, 190]]], dtype=int32), array([[[159, 190]]], dtype=int32), array([[[186, 189]]], dtype=int32), array([[[163, 189]]], dtype=int32), array([[[306, 188]]], dtype=int32), array([[[330, 187]]], dtype=int32), array([[[304, 186]]], dtype=int32), array([[[156, 186]],

       [[157, 186]],

       [[158, 187]],

       [[159, 187]],

       [[160, 188]],

       [[159, 187]],

       [[158, 187]],

       [[157, 186]]], dtype=int32), array([[[ 85, 186]],

       [[ 84, 187]],

       [[ 84, 188]],

       [[ 84, 187]]], dtype=int32), array([[[ 68, 185]],

       [[ 67, 186]]], dtype=int32), array([[[152, 184]],

       [[153, 184]],

       [[154, 185]],

       [[153, 184]]], dtype=int32), array([[[136, 184]]], dtype=int32), array([[[150, 183]]], dtype=int32), array([[[136, 182]]], dtype=int32), array([[[ 71, 181]]], dtype=int32), array([[[181, 180]],

       [[182, 181]]], dtype=int32), array([[[257, 177]],

       [[257, 178]]], dtype=int32), array([[[135, 176]]], dtype=int32), array([[[300, 175]],

       [[301, 176]]], dtype=int32), array([[[297, 175]]], dtype=int32), array([[[308, 174]],

       [[308, 175]]], dtype=int32), array([[[ 88, 174]]], dtype=int32), array([[[311, 172]]], dtype=int32), array([[[307, 172]]], dtype=int32), array([[[320, 171]]], dtype=int32), array([[[298, 171]],

       [[299, 172]]], dtype=int32), array([[[306, 169]],

       [[306, 170]]], dtype=int32), array([[[299, 169]]], dtype=int32), array([[[295, 169]]], dtype=int32), array([[[142, 169]]], dtype=int32), array([[[140, 166]],

       [[140, 167]]], dtype=int32), array([[[295, 165]]], dtype=int32), array([[[317, 162]]], dtype=int32), array([[[315, 158]]], dtype=int32), array([[[149, 154]]], dtype=int32), array([[[145, 153]],

       [[146, 154]]], dtype=int32), array([[[290, 149]],

       [[290, 150]]], dtype=int32), array([[[146, 149]]], dtype=int32), array([[[292, 148]]], dtype=int32), array([[[143, 148]],

       [[143, 149]]], dtype=int32), array([[[302, 145]]], dtype=int32), array([[[306, 143]]], dtype=int32), array([[[304, 141]]], dtype=int32), array([[[300, 141]]], dtype=int32), array([[[300, 139]]], dtype=int32), array([[[301, 136]]], dtype=int32), array([[[141, 134]]], dtype=int32), array([[[300, 133]]], dtype=int32), array([[[298, 132]]], dtype=int32), array([[[ 97, 131]]], dtype=int32), array([[[288, 130]]], dtype=int32), array([[[ 99, 129]],

       [[100, 129]]], dtype=int32), array([[[297, 128]],

       [[297, 129]]], dtype=int32), array([[[291, 128]],

       [[291, 129]],

       [[291, 130]],

       [[291, 129]]], dtype=int32), array([[[105, 128]]], dtype=int32), array([[[287, 127]],

       [[287, 128]]], dtype=int32), array([[[103, 127]],

       [[102, 128]]], dtype=int32), array([[[296, 125]],

       [[296, 126]]], dtype=int32), array([[[101, 125]]], dtype=int32), array([[[302, 124]],

       [[302, 125]],

       [[302, 126]],

       [[302, 125]]], dtype=int32), array([[[132, 123]],

       [[132, 124]],

       [[132, 125]],

       [[132, 124]]], dtype=int32), array([[[142, 121]]], dtype=int32), array([[[295, 120]]], dtype=int32), array([[[156, 119]]], dtype=int32), array([[[103, 119]]], dtype=int32), array([[[300, 117]],

       [[300, 118]],

       [[301, 119]],

       [[301, 120]],

       [[301, 121]],

       [[301, 122]],

       [[301, 121]],

       [[301, 120]],

       [[301, 119]],

       [[300, 118]]], dtype=int32), array([[[155, 117]],

       [[156, 117]]], dtype=int32), array([[[153, 117]],

       [[152, 118]],

       [[151, 118]],

       [[152, 118]]], dtype=int32), array([[[140, 115]]], dtype=int32), array([[[ 97, 115]]], dtype=int32), array([[[151, 112]]], dtype=int32), array([[[132, 111]]], dtype=int32), array([[[134, 110]]], dtype=int32), array([[[ 99, 110]]], dtype=int32), array([[[149, 109]],

       [[150, 110]],

       [[149, 111]],

       [[150, 110]],

       [[151, 110]],

       [[150, 110]]], dtype=int32), array([[[291, 107]],

       [[291, 108]],

       [[291, 109]],

       [[291, 108]]], dtype=int32), array([[[297, 106]],

       [[296, 107]],

       [[296, 108]],

       [[296, 109]],

       [[296, 110]],

       [[296, 111]],

       [[296, 112]],

       [[296, 113]],

       [[297, 114]],

       [[297, 115]],

       [[297, 116]],

       [[297, 115]],

       [[297, 114]],

       [[296, 113]],

       [[296, 112]],

       [[296, 111]],

       [[296, 110]],

       [[296, 109]],

       [[296, 108]],

       [[296, 107]]], dtype=int32), array([[[ 99, 106]],

       [[100, 107]],

       [[101, 107]],

       [[100, 107]]], dtype=int32), array([[[ 99, 104]],

       [[100, 104]],

       [[101, 104]],

       [[100, 104]]], dtype=int32), array([[[290, 103]],

       [[290, 104]]], dtype=int32), array([[[105, 103]],

       [[106, 103]],

       [[107, 103]],

       [[108, 103]],

       [[109, 103]],

       [[108, 103]],

       [[107, 103]],

       [[106, 103]]], dtype=int32), array([[[292, 102]],

       [[292, 103]],

       [[292, 104]],

       [[292, 105]],

       [[292, 104]],

       [[292, 103]]], dtype=int32), array([[[277, 102]]], dtype=int32), array([[[302,  99]],

       [[303, 100]]], dtype=int32), array([[[304,  98]]], dtype=int32), array([[[294,  98]],

       [[294,  99]],

       [[294, 100]],

       [[294, 101]],

       [[294, 102]],

       [[294, 103]],

       [[295, 104]],

       [[295, 105]],

       [[295, 104]],

       [[294, 103]],

       [[294, 102]],

       [[294, 101]],

       [[294, 100]],

       [[294,  99]]], dtype=int32), array([[[291,  98]]], dtype=int32), array([[[301,  96]]], dtype=int32), array([[[300,  93]]], dtype=int32), array([[[293,  93]]], dtype=int32), array([[[299,  90]]], dtype=int32), array([[[298,  88]]], dtype=int32), array([[[291,  87]],

       [[291,  88]]], dtype=int32), array([[[289,  87]],

       [[289,  88]],

       [[289,  89]],

       [[289,  90]],

       [[290,  91]],

       [[290,  92]],

       [[290,  93]],

       [[290,  92]],

       [[290,  91]],

       [[289,  90]],

       [[289,  89]],

       [[289,  88]]], dtype=int32), array([[[297,  86]]], dtype=int32), array([[[96, 85]],

       [[96, 86]]], dtype=int32), array([[[301,  84]]], dtype=int32), array([[[290,  82]],

       [[290,  83]],

       [[290,  84]],

       [[290,  85]],

       [[290,  84]],

       [[290,  83]]], dtype=int32), array([[[98, 81]],

       [[97, 82]],

       [[97, 83]],

       [[97, 82]]], dtype=int32), array([[[159,  75]],

       [[160,  75]]], dtype=int32), array([[[162,  74]]], dtype=int32), array([[[165,  73]],

       [[164,  74]]], dtype=int32), array([[[96, 73]]], dtype=int32), array([[[179,  70]]], dtype=int32), array([[[171,  68]]], dtype=int32), array([[[305,  67]]], dtype=int32), array([[[183,  67]]], dtype=int32), array([[[173,  67]]], dtype=int32), array([[[293,  65]]], dtype=int32), array([[[181,  65]]], dtype=int32), array([[[98, 65]]], dtype=int32), array([[[302,  64]],

       [[303,  65]]], dtype=int32), array([[[297,  64]]], dtype=int32), array([[[183,  63]]], dtype=int32), array([[[178,  63]]], dtype=int32), array([[[176,  63]]], dtype=int32), array([[[173,  61]]], dtype=int32), array([[[303,  58]]], dtype=int32), array([[[173,  58]]], dtype=int32), array([[[165,  58]]], dtype=int32), array([[[302,  56]]], dtype=int32), array([[[167,  56]]], dtype=int32), array([[[164,  55]]], dtype=int32), array([[[171,  54]]], dtype=int32), array([[[299,  52]],

       [[300,  53]]], dtype=int32), array([[[173,  50]]], dtype=int32), array([[[102,  49]]], dtype=int32), array([[[165,  46]]], dtype=int32), array([[[307,  44]]], dtype=int32), array([[[312,  43]]], dtype=int32), array([[[310,  42]]], dtype=int32), array([[[172,  42]],

       [[173,  42]],

       [[174,  42]],

       [[175,  43]],

       [[174,  44]],

       [[175,  43]],

       [[176,  43]],

       [[175,  43]],

       [[174,  42]],

       [[173,  42]]], dtype=int32), array([[[307,  38]]], dtype=int32), array([[[310,  37]]], dtype=int32), array([[[223,  35]]], dtype=int32), array([[[153,  33]],

       [[154,  34]]], dtype=int32), array([[[213,  32]]], dtype=int32), array([[[151,  30]],

       [[152,  31]]], dtype=int32), array([[[211,  29]]], dtype=int32), array([[[150,  28]]], dtype=int32), array([[[299,  27]]], dtype=int32), array([[[197,  27]]], dtype=int32), array([[[153,  27]]], dtype=int32), array([[[111,  27]]], dtype=int32), array([[[159,  26]]], dtype=int32), array([[[278,  25]]], dtype=int32), array([[[206,  25]]], dtype=int32), array([[[203,  25]]], dtype=int32), array([[[152,  25]]], dtype=int32), array([[[280,  24]]], dtype=int32), array([[[198,  24]]], dtype=int32), array([[[183,  24]]], dtype=int32), array([[[114,  24]]], dtype=int32), array([[[285,  23]]], dtype=int32), array([[[277,  23]]], dtype=int32), array([[[209,  23]],

       [[210,  23]]], dtype=int32), array([[[299,  22]]], dtype=int32), array([[[190,  22]]], dtype=int32), array([[[150,  22]]], dtype=int32), array([[[115,  22]]], dtype=int32), array([[[113,  22]]], dtype=int32), array([[[294,  21]]], dtype=int32), array([[[276,  21]]], dtype=int32), array([[[160,  21]]], dtype=int32), array([[[149,  20]]], dtype=int32), array([[[290,  19]]], dtype=int32), array([[[292,  18]],

       [[293,  18]]], dtype=int32), array([[[288,  18]]], dtype=int32), array([[[283,  18]],

       [[282,  19]],

       [[283,  18]],

       [[284,  18]]], dtype=int32), array([[[177,  18]]], dtype=int32), array([[[140,  17]],

       [[140,  18]]], dtype=int32), array([[[291,  15]]], dtype=int32), array([[[285,  15]]], dtype=int32), array([[[263,  15]]], dtype=int32), array([[[148,  15]]], dtype=int32), array([[[287,  14]],

       [[288,  14]],

       [[289,  14]],

       [[288,  14]]], dtype=int32), array([[[145,  13]],

       [[145,  14]],

       [[145,  15]],

       [[145,  14]]], dtype=int32), array([[[147,  12]]], dtype=int32), array([[[122,  12]],

       [[121,  13]],

       [[121,  14]],

       [[121,  15]],

       [[120,  16]],

       [[119,  15]],

       [[120,  16]],

       [[121,  15]],

       [[121,  14]],

       [[121,  13]]], dtype=int32), array([[[231,  11]]], dtype=int32), array([[[247,  10]],

       [[246,  11]]], dtype=int32), array([[[176,   8]],

       [[176,   9]]], dtype=int32), array([[[127,   8]],

       [[126,   9]],

       [[125,  10]],

       [[124,  11]],

       [[125,  10]],

       [[126,   9]]], dtype=int32), array([[[237,   7]]], dtype=int32), array([[[213,   7]],

       [[214,   8]]], dtype=int32), array([[[271,   6]]], dtype=int32), array([[[241,   6]]], dtype=int32), array([[[132,   6]],

       [[131,   7]]], dtype=int32), array([[[249,   5]],

       [[248,   6]],

       [[247,   7]],

       [[248,   6]]], dtype=int32), array([[[237,   5]]], dtype=int32), array([[[219,   5]]], dtype=int32), array([[[172,   5]]], dtype=int32), array([[[262,   4]]], dtype=int32), array([[[251,   4]]], dtype=int32), array([[[158,   4]],

       [[158,   5]],

       [[158,   6]],

       [[158,   5]]], dtype=int32), array([[[149,   4]],

       [[148,   5]],

       [[149,   4]],

       [[150,   4]]], dtype=int32), array([[[273,   2]]], dtype=int32), array([[[270,   2]]], dtype=int32), array([[[250,   2]],

       [[249,   3]],

       [[248,   3]],

       [[247,   4]],

       [[248,   3]],

       [[249,   3]]], dtype=int32), array([[[243,   2]],

       [[242,   3]]], dtype=int32), array([[[225,   1]],

       [[224,   2]],

       [[223,   2]],

       [[224,   2]]], dtype=int32), array([[[167,   1]],

       [[166,   2]]], dtype=int32), array([[[256,   0]]], dtype=int32), array([[[252,   0]]], dtype=int32), array([[[199,   0]],

       [[200,   0]]], dtype=int32), array([[[169,   0]],

       [[169,   1]]], dtype=int32), array([[[160,   0]],

       [[160,   1]],

       [[160,   2]],

       [[160,   3]],

       [[160,   2]],

       [[160,   1]]], dtype=int32), array([[[157,   0]]], dtype=int32), array([[[155,   0]],

       [[155,   1]],

       [[155,   2]],

       [[155,   3]],

       [[155,   4]],

       [[155,   3]],

       [[155,   2]],

       [[155,   1]]], dtype=int32), array([[[149,   0]],

       [[148,   1]],

       [[148,   2]],

       [[148,   1]],

       [[149,   0]],

       [[150,   1]],

       [[150,   2]],

       [[150,   1]]], dtype=int32), array([[[146,   0]]], dtype=int32)]